--can
can0
-cnfg
devices.json
--timestep
60
--mqtt
192.168.1.73:1883:open3e
--mqttuser
mqtt:MqttSesam
--mqttformatstring
{ecuAddr:03X}_{didNumber}_{didName}
--listen
open3e/cmnd
-j
-r
268,274,271,277,281,283,284,318,334,360,381,392,396,401,424,503,504,505,506,524,526,531,534,535,538,544,545,546,548,565,567,568,596,597,625,627,880,900,902,906,912,987,1042,1043,1165,1190,1191,1210,1211,1214,1215,1216,1217,1218,1220,1221,1222,1223,1224,1226,1227,1228,1229,1230,1231,1263,1264,1294,1311,1313,1340,1341,1342,1343,1344,1345,1346,1347,1348,1349,1350,1351,1352,1353,1354,1355,1356,1357,1358,1359,1360,1361,1362,1363,1367,1371,1372,1373,1383,1384,1385,1389,1390,1391,1392,1393,1411,1415,1431,1432,1434,1435,1436,1468,1471,1555,1601,1643,1659,1667
